August 9, 2010

    Project Prairie Grass

    Micrometeorological Observations 
    (Vol 1 Chap 8 Table 8.1, 20-min Averages)

    Missing Values = -999.00
    Exp 70 = Exp 35S
    Exp 71 = Exp 48S
    Site Roughness = 0.006m
 
    Height(m)  Temp(C) Wind Speed(m/s)
    Exp 1
        0.25    23.22     1.73
        0.50    22.95     2.06
        1.00    22.32     2.39
        2.00    22.12     2.58
        4.00    21.90     2.89
        8.00    21.68     3.21
       16.00  -999.00  -999.00

    Exp 2
        0.25    24.54     1.22
        0.50    24.18     1.54
        1.00    23.99     1.74
        2.00    23.87     1.00
        4.00    23.79     2.16
        8.00    23.78     2.33
       16.00  -999.00  -999.00

    Exp 3
        0.25    16.89     0.16
        0.50    17.24     0.39
        1.00    14.45     0.66
        2.00    19.83     0.44
        4.00    21.12     1.13
        8.00    22.41     2.11
       16.00  -999.00  -999.00

    Exp 4
        0.25    15.63     0.17
        0.50    16.00     0.52
        1.00    16.75     0.91
        2.00    17.50     1.29
        4.00    18.55     2.02
        8.00    20.09     3.04
       16.00  -999.00  -999.00

    Exp 5
        0.25    32.05     3.78
        0.50    31.44     4.48
        1.00    30.71     5.15
        2.00    30.17     5.93
        4.00    29.72     6.51
        8.00    29.18     7.03
       16.00  -999.00  -999.00

    Exp 6
        0.25    31.63     4.39
        0.50    31.32     5.23
        1.00    31.09     5.99
        2.00    30.80     6.80
        4.00    30.50     7.65
        8.00    30.19     8.46
       16.00  -999.00  -999.00

    Exp 7
        0.25    33.10     2.95
        0.50    31.99     3.52
        1.00    31.21     4.02
        2.00    30.27     4.44
        4.00    29.46     4.81
        8.00    29.04     5.08
       16.00    28.71     5.60

    Exp 8
        0.25    32.58     2.88
        0.50    32.01     3.50
        1.00    31.47     4.06
        2.00    31.10     4.52
        4.00    30.57     4.98
        8.00    30.15     5.40
       16.00    29.90     6.11

    Exp 9
        0.25    29.53     4.50
        0.50    28.75     5.33
        1.00    28.19     6.11
        2.00    27.39     7.00
        4.00    26.61     7.69
        8.00    26.25     8.42
       16.00    25.76     8.84

    Exp 10
        0.25    33.14     3.12
        0.50    32.11     3.76
        1.00    31.47     4.15
        2.00    30.45     4.68
        4.00    29.58     5.06
        8.00    28.98     5.36
       16.00    28.42     5.79

    Exp 11
        0.25    26.34     4.90
        0.50    25.92     5.79
        1.00    25.42     6.77
        2.00    25.01     7.61
        4.00    24.64     8.50
        8.00    24.16     9.44
       16.00  -999.00  -999.00

    Exp 12
        0.25    31.94     5.22
        0.50    31.18     6.17
        1.00    30.53     7.21
        2.00    29.67     7.99
        4.00    29.25     8.92
        8.00    28.83     9.73
       16.00  -999.00  -999.00

    Exp 13
        0.25    18.15     0.18
        0.50    18.72     0.46
        1.00    19.56     0.92
        2.00    20.39     1.46
        4.00    21.04     1.98
        8.00    21.64     2.64
       16.00    22.34     3.43

    Exp 14
        0.25    14.31     0.16
        0.50    14.66     0.41
        1.00    15.31     0.74
        2.00    16.25     1.39
        4.00    17.87     2.25
        8.00    19.76     3.48
       16.00    21.04     4.45

    Exp 15
        0.25    23.32     2.15
        0.50    22.58     2.61
        1.00    22.05     2.90
        2.00    21.44     3.22
        4.00    20.76     3.54
        8.00    20.51     3.78
       16.00    20.32  -999.00
 
    Exp 16
        0.25    28.64     2.25
        0.50    27.79     2.65
        1.00    26.67     2.96
        2.00    25.61     3.31
        4.00    25.10     3.46
        8.00    24.82     3.62
       16.00    24.61     3.78

    Exp 17
        0.25    27.08     2.09
        0.50    27.19     2.37
        1.00    27.32     2.87
        2.00    27.44     3.41
        4.00    27.62     4.02
        8.00    27.83     4.55
       16.00    27.91     5.55

    Exp 18
        0.25    22.83     1.86
        0.50    23.03     2.29
        1.00    23.23     2.68
        2.00    23.52     3.22
        4.00    23.83     3.75
        8.00    24.30     4.88
       16.00    25.11     6.56

    Exp 19
        0.25    30.56     3.93
        0.50    29.75     4.75
        1.00    29.28     5.33
        2.00    28.59  -999.00
        4.00    28.04     6.27
        8.00    27.77     7.21
       16.00    27.26     7.52

    Exp 20
        0.25    35.16     5.94
        0.50    34.31     7.27
        1.00    33.34     8.26
        2.00    32.49     9.38
        4.00    31.87    10.17
        8.00    30.88    11.30
       16.00    30.14    12.11

    Exp 21
        0.25    28.32     3.76
        0.50    28.42     4.62
        1.00    28.50     5.31
        2.00    28.60     6.11
        4.00    28.74     6.75
        8.00    28.84     7.72
       16.00    28.91     8.59

    Exp 22
        0.25    26.05     4.54
        0.50    26.22     5.57
        1.00    26.32     6.39
        2.00    26.42     7.39
        4.00    26.60     8.14
        8.00    26.70     9.33
       16.00    26.75    10.41

    Exp 23
        0.25    23.11     3.89
        0.50    23.21     4.71
        1.00    23.31     5.37
        2.00    23.40     6.05
        4.00    23.49     6.85
        8.00    23.52     7.84
       16.00    23.63     8.83

    Exp 24
        0.25    21.71     3.82
        0.50    21.74     4.61
        1.00    21.83     5.21
        2.00    21.89     5.86
        4.00    21.96     6.62
        8.00    21.99     7.64
       16.00    22.07     8.65

    Exp 25
        0.25    25.32     1.73
        0.50    24.77     2.21
        1.00    24.09     2.48
        2.00    23.62     2.75
        4.00    23.26     2.97
        8.00    22.92     3.18
       16.00    22.87     3.28

    Exp 26
        0.25    31.15     4.22
        0.50    30.42     5.11
        1.00    29.91     5.68
        2.00    29.21     6.48
        4.00    28.57     7.21
        8.00    27.93     7.75
       16.00  -999.00     8.51

    Exp 27
        0.25    33.45     7.02
        0.50    32.62     4.83
        1.00    31.96     5.40
        2.00    31.43     6.13
        4.00    30.84     6.94
        8.00    30.26     7.55
       16.00  -999.00     8.49

    Exp 28
        0.25    23.72     1.54
        0.50    23.92     1.77
        1.00    24.07     2.12
        2.00    24.27     2.55
        4.00    24.38     3.21
        8.00    24.76     3.88
       16.00    25.24     5.08

    Exp 29
        0.25    24.58     2.41
        0.50    24.78     2.96
        1.00    25.14     3.40
        2.00    25.36     3.94
        4.00    25.72     4.41
        8.00    25.81     5.29
       16.00    26.24     6.06

    Exp 30
        0.25    35.42     4.55
        0.50    34.73     5.40
        1.00    34.00     6.28
        2.00    33.53     6.97
        4.00    32.96     7.75
        8.00    32.39     8.52
       16.00    31.88     8.85

    Exp 31
        0.25    35.81     5.27
        0.50    35.37     6.17
        1.00    34.85     6.91
        2.00    34.25     7.87
        4.00    33.79     8.87
        8.00    33.44  -999.00
       16.00    33.23    10.13

    Exp 32
        0.25    21.66     0.95
        0.50    22.06     1.36
        1.00    22.45     1.60
        2.00    22.93     2.13
        4.00    23.71     2.88
        8.00    25.33     4.12
       16.00    27.21     6.09

    Exp 33
        0.25    30.07     4.84
        0.50    29.64     5.80
        1.00    29.16     6.90
        2.00    28.73     7.56
        4.00    28.16     8.48
        8.00    27.88  -999.00
       16.00    21.71    10.63

    Exp 34
        0.25    32.13     5.87
        0.50    31.45     7.06
        1.00    30.99     8.46
        2.00    30.19     9.20
        4.00    29.68    10.52
        8.00    29.21    11.28
       16.00    29.09    12.14

    Exp 70
        0.25    21.94     2.31
        0.50    22.05     2.81
        1.00    22.17     3.40
        2.00    22.28     3.73
        4.00    22.47     4.34
        8.00    22.68     5.20
       16.00    23.03     6.39

    Exp 35
        0.25    18.34     0.45
        0.50    18.47     0.88
        1.00    19.13     1.10
        2.00    19.73     1.80
        4.00    21.04     2.53
        8.00    22.30     3.18
       16.00    23.57     4.21

    Exp 36
        0.25    18.19     0.81
        0.50    18.10     1.16
        1.00    18.63     1.37
        2.00    18.94     1.86
        4.00    19.32     2.43
        8.00    19.81     3.42
       16.00    20.74     4.64

    Exp 37
        0.25    20.33     2.81
        0.50    20.41     3.44
        1.00    20.55     4.00
        2.00    20.65     4.59
        4.00    20.79     5.28
        8.00    20.90     6.08
       16.00    21.02     7.26

    Exp 38
        0.25    19.48     2.58
        0.50    19.34     3.17
        1.00    19.65     3.70
        2.00    19.82     4.28
        4.00    19.84     5.04
        8.00    19.93     5.85
       16.00    20.07     6.79

    Exp 39
        0.25    19.35     1.12
        0.50    19.55     1.52
        1.00    20.01     1.69
        2.00    20.47     2.29
        4.00    21.28     2.91
        8.00    22.39     4.19
       16.00    23.68     5.42

    Exp 40
        0.25    19.29     0.99
        0.50    19.52     1.37
        1.00    19.96     1.58
        2.00    20.29     2.08
        4.00    20.69     2.50
        8.00    21.11     3.43
       16.00    21.91     4.86

    Exp 41
        0.25    19.62     2.16
        0.50    19.90     2.67
        1.00    20.03     3.16
        2.00    20.20     3.69
        4.00    20.43     4.35
        8.00    20.82     5.50
       16.00    21.63     6.71

    Exp 42
        0.25    21.03     3.80
        0.50    21.16     4.52
        1.00    21.30     5.27
        2.00    21.49     5.94
        4.00    21.61     6.73
        8.00    21.68     7.51
       16.00    21.92     8.28

    Exp 43
        0.25    35.76     3.43
        0.50    34.92     4.11
        1.00    34.17     4.68
        2.00    33.05     5.22
        4.00    32.60     5.65
        8.00    32.09     6.06
       16.00    31.63     6.41

    Exp 44
        0.25    37.69     3.97
        0.50    36.92     4.68
        1.00    36.00     5.39
        2.00    35.43  -999.00
        4.00    34.73     6.80
        8.00    34.37     7.19
       16.00    33.92     7.60

    Exp 45
        0.25    35.82     3.78
        0.50    35.59     4.60
        1.00    35.28     5.31
        2.00    35.04     6.02
        4.00    34.91     6.65
        8.00    34.75     7.35
       16.00    34.59     7.88

    Exp 46
        0.25    32.32     3.64
        0.50    32.44     4.28
        1.00    32.57     4.86
        2.00    32.74     5.56
        4.00    32.90     6.25
        8.00    33.01     7.07
       16.00    33.12     7.87

    Exp 47
        0.25    20.13  -999.00
        0.50    19.20     2.70
        1.00    18.46     3.02
        2.00    17.73     3.32
        4.00    17.47     3.56
        8.00    17.10     3.74
       16.00    16.81     3.94

    Exp 71
        0.25    21.12     2.10
        0.50    20.52     2.49
        1.00    19.91     2.77
        2.00    19.45     3.07
        4.00    19.04     3.29
        8.00    18.77     3.47
       16.00    18.55     3.56

    Exp 48
        0.25    19.97     5.05
        0.50    19.43     6.06
        1.00    18.96     6.91
        2.00    18.40     7.84
        4.00    18.05  -999.00
        8.00    17.70     9.61
       16.00    17.18    10.27

    Exp 49
        0.25    25.72     4.44
        0.50    25.00     5.22
        1.00    24.05     6.03
        2.00    23.29     6.74
        4.00    22.64     7.52
        8.00    21.94     8.02
       16.00    21.45     8.68
  
    Exp 50
        0.25    31.23     4.48
        0.50    30.05  -999.00
        1.00    29.20     6.06
        2.00    28.64     6.73
        4.00    27.90     7.64
        8.00    27.68     7.96
       16.00    27.14     8.19

    Exp 51
        0.25    31.97     4.75
        0.50    31.07     5.47
        1.00    30.50     6.18
        2.00    29.80     6.82
        4.00    29.40     7.66
        8.00    29.13     8.04
       16.00    28.36     8.69

    Exp 52
        0.25    27.95     3.08
        0.50    26.74  -999.00
        1.00    25.98     4.04
        2.00    24.96     4.42
        4.00    24.08     4.96
        8.00    23.59     5.08
       16.00    23.17     5.21

    Exp 53
        0.25    15.37     1.01
        0.50    15.76     1.37
        1.00    16.56     1.56
        2.00    17.39     2.28
        4.00    18.77     3.20
        8.00    20.26     4.46
       16.00    21.32     5.94

    Exp 54
        0.25    18.04     2.48
        0.50    18.25     2.99
        1.00    18.45     3.40
        2.00    18.68     3.94
        4.00    18.94     4.64
        8.00    19.31     5.37
       16.00    19.56     6.41

    Exp 55
        0.25    16.37     3.74
        0.50    16.48     4.46
        1.00    16.65     5.17
        2.00    16.75     5.94
        4.00    16.90     6.79
        8.00    17.08     7.55
       16.00    17.17     8.30

    Exp 56
        0.25    14.91     2.99
        0.50    15.03     3.61
        1.00    15.15     4.15
        2.00    15.29     4.75
        4.00    15.47     5.46
        8.00    15.70     6.19
       16.00    15.88     7.04

    Exp 57
        0.25    34.52     4.69
        0.50    34.33     5.56
        1.00    34.19     6.42
        2.00    34.11     7.20
        4.00    33.91     8.24
        8.00    33.76     8.79
       16.00    33.54     9.89

    Exp 58
        0.25    24.82     1.03
        0.50    25.13     1.31
        1.00    25.64     1.65
        2.00    23.64     2.24
        4.00    27.16     3.11
        8.00    28.49     4.33
       16.00    29.50     5.72

    Exp 59
        0.25    22.58     1.34
        0.50    22.82     1.68
        1.00    23.13     2.02
        2.00    23.60     2.61
        4.00    24.31     3.42
        8.00    25.34     4.62
       16.00    26.61     6.28

    Exp 60
        0.25    25.11     2.94
        0.50    25.35     3.49
        1.00    25.49     4.04
        2.00    25.75     4.57
        4.00    25.91     5.33
        8.00    26.17     5.95
       16.00    26.49     7.23

    Exp 61
        0.25    34.10     5.20
        0.50    33.20     6.14
        1.00    32.29     7.00
        2.00    31.63     7.82
        4.00    31.00  -999.00
        8.00    30.41     9.26
       16.00    29.80     9.80

    Exp 62
        0.25    32.10     3.43
        0.50    31.58     4.05
        1.00    31.15     4.61
        2.00    30.75     5.18
        4.00    30.49     5.83
        8.00    30.00     6.03
       16.00    29.77     6.32

    Exp 63
        0.25    18.17  -999.00
        0.50    19.24  -999.00
        1.00    21.41     0.26
        2.00    24.07     1.16
        4.00    25.54     1.39
        8.00    27.27     1.95
       16.00    29.52     2.67

    Exp 64
        0.25    18.16  -999.00
        0.50    18.70     0.25
        1.00    19.60     0.46
        2.00    20.90     1.20
        4.00    22.16     1.69
        8.00    23.85     2.69
       16.00    26.77     3.07

    Exp 65
        0.25    24.30     2.77
        0.50    24.57     3.39
        1.00    24.76     3.93
        2.00    24.96     4.55
        4.00    25.22     5.30
        8.00    25.61     6.26
       16.00    25.98     7.68

    Exp 66
        0.25    19.27     1.77
        0.50    19.57     2.17
        1.00    19.88     2.56
        2.00    20.19     3.14
        4.00    20.65     3.92
        8.00    21.22     5.06
       16.00    22.02     6.50

    Exp 67
        0.25    20.19     2.74
        0.50    20.21     3.36
        1.00    20.38     3.85
        2.00    20.55     4.44
        4.00    20.66     5.21
        8.00    20.88     6.15
       16.00    21.12     7.48

    Exp 68
        0.25    20.08     1.49
        0.50    20.24     1.88
        1.00    20.38     2.19
        2.00    20.65     2.69
        4.00    20.94     3.31
        8.00    21.36     4.27
       16.00    21.97     5.58
